TYPE = "MIN_MAX_POINTS";
MINx = 0.4393565357;
MINy = -0.1257228404;
MINz = -0.30;
MAXx = 0.6747455597;
MAXy = 0.1904294193;
MAXz = -0.02944246493;
CORNERx = 0.6747455597;
CORNERy = -0.1257228404;
CORNERz = -0.3638496399;
